# CARMEN Logfile
# file format is one message per line
# message_name [message contents] ipc_timestamp ipc_hostname logger_timestamp
# message formats defined: PARAM SYNC ODOM FLASER RLASER
# PARAM param_name param_value
# SYNC tagname
# ODOM x y theta tv rv accel
# FLASER num_readings [range_readings] x y theta odom_x odom_y odom_theta
# RLASER num_readings [range_readings] x y theta odom_x odom_y odom_theta
PARAM robot_allow_rear_motion on nohost 0
PARAM robot_rectangular 0 nohost 0
PARAM robot_use_laser on nohost 0
PARAM robot_use_sonar off nohost 0
PARAM robot_converge on nohost 0
PARAM robot_length 0.54 nohost 0
PARAM robot_width 0.54 nohost 0
PARAM robot_frontlaser_offset 0.0 nohost 0
PARAM robot_rearlaser_offset 0.0 nohost 0
PARAM robot_min_approach_dist 0.3 nohost 0
PARAM robot_min_side_dist 0.1 nohost 0
PARAM robot_acceleration 0.4 nohost 0
PARAM robot_deceleration 1.0 nohost 0
PARAM robot_reaction_time 0.2 nohost 0
PARAM robot_max_t_vel 0.5 nohost 0
PARAM robot_max_r_vel 0.8 nohost 0
PARAM robot_curvature 500 nohost 0
PARAM robot_front_laser_max 10 nohost 0
PARAM robot_theta_gain 0.5 nohost 0
PARAM robot_theta_d_gain 1 nohost 0
PARAM robot_displacement_gain 0.75 nohost 0
FLASER	4	32766	32766	1213	32766	1.990182996	-0.267978758	-0.166728448	1.990182996	-0.267978758	-0.166728448	1031745825	Jeahn	607.249
FLASER	5	32766	32766	1189	32766	2.057256699	-0.295674801	-0.167873807	2.057256699	-0.295674801	-0.167873807	1031745825	Jeahn	607.359
FLASER	6	32766	32766	1172	32766	2.124391556	-0.316633761	-0.170298965	2.124391556	-0.316633761	-0.170298965	1031745825	Jeahn	607.469
FLASER	7	32766	32766	1162	32766	2.189996243	-0.331757843	-0.172337215	2.189996243	-0.331757843	-0.172337215	1031745825	Jeahn	607.579
FLASER	8	32766	32766	1158	32766	2.261544228	-0.344377249	-0.174116107	2.261544228	-0.344377249	-0.174116107	1031745825	Jeahn	607.689
FLASER	9	32766	32766	1156	32766	2.332416534	-0.354258299	-0.17647144	2.332416534	-0.354258299	-0.17647144	1031745826	Jeahn	607.799
FLASER	10	32766	32766	1160	32766	2.398006916	-0.364433527	-0.180990026	2.398006916	-0.364433527	-0.180990026	1031745826	Jeahn	607.909
FLASER	11	32766	32766	1162	32766	2.470094919	-0.375109941	-0.180406227	2.470094919	-0.375109941	-0.180406227	1031745826	Jeahn	608.019
FLASER	12	32766	32766	1169	32766	2.542007446	-0.388354331	-0.180133303	2.542007446	-0.388354331	-0.180133303	1031745826	Jeahn	608.129
FLASER	13	32766	32766	1169	32766	2.614303112	-0.40137589	-0.175783429	2.614303112	-0.40137589	-0.175783429	1031745826	Jeahn	608.239
FLASER	14	32766	32766	1172	32766	2.681575537	-0.413390517	-0.174102525	2.681575537	-0.413390517	-0.174102525	1031745826	Jeahn	608.349
FLASER	15	32766	32766	1172	32766	2.753133297	-0.424747944	-0.174215094	2.753133297	-0.424747944	-0.174215094	1031745826	Jeahn	608.459
FLASER	16	32766	32766	1172	32766	2.82240653	-0.437640369	-0.173995166	2.82240653	-0.437640369	-0.173995166	1031745826	Jeahn	608.569
FLASER	17	32766	32766	1169	32766	2.889761448	-0.448977321	-0.176536738	2.889761448	-0.448977321	-0.176536738	1031745826	Jeahn	608.679
FLASER	18	32766	32766	1170	32766	2.960637093	-0.464362264	-0.175317443	2.960637093	-0.464362264	-0.175317443	1031745827	Jeahn	608.789
FLASER	19	32766	32766	1172	32766	3.03345418	-0.478464574	-0.174158601	3.03345418	-0.478464574	-0.174158601	1031745827	Jeahn	608.899
FLASER	20	32766	32766	1170	32766	3.10345912	-0.491040528	-0.171455293	3.10345912	-0.491040528	-0.171455293	1031745827	Jeahn	609.009
FLASER	21	32766	32766	1170	32766	3.170759201	-0.503590226	-0.172280823	3.170759201	-0.503590226	-0.172280823	1031745827	Jeahn	609.119
FLASER	22	32766	32766	1171	32766	3.240608215	-0.513518274	-0.173141623	3.240608215	-0.513518274	-0.173141623	1031745827	Jeahn	609.229
FLASER	23	32766	32766	1172	32766	3.313204765	-0.527806818	-0.175615284	3.313204765	-0.527806818	-0.175615284	1031745827	Jeahn	609.339
FLASER	24	32766	32766	1171	32766	3.381509542	-0.539212465	-0.175586106	3.381509542	-0.539212465	-0.175586106	1031745827	Jeahn	609.449
FLASER	25	32766	32766	1170	32766	3.444983244	-0.553449035	-0.174991771	3.444983244	-0.553449035	-0.174991771	1031745827	Jeahn	609.559
FLASER	26	32766	32766	1169	32766	3.51718998	-0.568875432	-0.172995765	3.51718998	-0.568875432	-0.172995765	1031745827	Jeahn	609.669
FLASER	27	32766	32766	1165	32766	3.585490227	-0.582394302	-0.167890036	3.585490227	-0.582394302	-0.167890036	1031745828	Jeahn	609.779
FLASER	28	32766	32766	1160	32766	3.65529418	-0.5995965	-0.167280322	3.65529418	-0.5995965	-0.167280322	1031745828	Jeahn	609.889
FLASER	29	32766	32766	1160	32766	3.728184223	-0.613537908	-0.168272549	3.728184223	-0.613537908	-0.168272549	1031745828	Jeahn	609.999
FLASER	30	32766	32766	1161	32766	3.801207542	-0.628317952	-0.169469107	3.801207542	-0.628317952	-0.169469107	1031745828	Jeahn	610.109
FLASER	31	32766	32766	1158	32766	3.870244741	-0.639878392	-0.169716399	3.870244741	-0.639878392	-0.169716399	1031745828	Jeahn	610.219
FLASER	32	32766	32766	1139	32766	3.944298983	-0.653915763	-0.172315378	3.944298983	-0.653915763	-0.172315378	1031745828	Jeahn	610.329
FLASER	33	32766	32766	1113	32766	4.017105103	-0.66653657	-0.178286301	4.017105103	-0.66653657	-0.178286301	1031745828	Jeahn	610.439
FLASER	34	32766	32766	1117	32766	4.084966183	-0.678209245	-0.180515733	4.084966183	-0.678209245	-0.180515733	1031745828	Jeahn	610.549
FLASER	35	32766	32766	1151	32766	4.155350208	-0.689028263	-0.177405344	4.155350208	-0.689028263	-0.177405344	1031745828	Jeahn	610.659
FLASER	36	32766	32766	1158	32766	4.228410721	-0.700642467	-0.176834362	4.228410721	-0.700642467	-0.176834362	1031745829	Jeahn	610.769
FLASER	37	32766	32766	1162	32766	4.2969203	-0.712784767	-0.176631463	4.2969203	-0.712784767	-0.176631463	1031745829	Jeahn	610.879
FLASER	38	32766	32766	1163	32766	4.368877411	-0.724885404	-0.177027342	4.368877411	-0.724885404	-0.177027342	1031745829	Jeahn	610.989
FLASER	39	32766	32766	1165	32766	4.442768097	-0.739742041	-0.177210151	4.442768097	-0.739742041	-0.177210151	1031745829	Jeahn	611.099
FLASER	40	32766	32766	1162	32766	4.510081291	-0.751725197	-0.179906052	4.510081291	-0.751725197	-0.179906052	1031745829	Jeahn	611.209
FLASER	41	32766	32766	1174	32766	4.582365513	-0.764159143	-0.184969238	4.582365513	-0.764159143	-0.184969238	1031745829	Jeahn	611.319
FLASER	42	32766	32766	1199	32766	4.653943062	-0.776089132	-0.186275718	4.653943062	-0.776089132	-0.186275718	1031745829	Jeahn	611.429
FLASER	43	32766	32766	1243	32766	4.72271204	-0.787296534	-0.182872398	4.72271204	-0.787296534	-0.182872398	1031745829	Jeahn	611.539
FLASER	44	32766	32766	1287	32766	4.789025307	-0.796635449	-0.180352864	4.789025307	-0.796635449	-0.180352864	1031745829	Jeahn	611.649
FLASER	45	32766	32766	1331	32766	4.859043121	-0.80909282	-0.155998056	4.859043121	-0.80909282	-0.155998056	1031745830	Jeahn	611.759
FLASER	46	32766	32766	1341	32766	4.918612957	-0.816409111	-0.105851732	4.918612957	-0.816409111	-0.105851732	1031745830	Jeahn	611.869
FLASER	47	32766	32766	1341	32766	4.956971169	-0.821566761	-0.039564416	4.956971169	-0.821566761	-0.039564416	1031745830	Jeahn	611.979
FLASER	48	32766	32766	1347	32766	4.983197212	-0.826569974	0.03414954	4.983197212	-0.826569974	0.03414954	1031745830	Jeahn	612.089
FLASER	49	32766	32766	1361	32766	5.010126591	-0.833948493	0.119098004	5.010126591	-0.833948493	0.119098004	1031745830	Jeahn	612.199
FLASER	50	32766	32766	1385	32766	5.011545181	-0.84303236	0.205848321	5.011545181	-0.84303236	0.205848321	1031745830	Jeahn	612.309
FLASER	51	1491	32766	1419	32766	5.010315895	-0.844653249	0.294245412	5.010315895	-0.844653249	0.294245412	1031745830	Jeahn	612.419
FLASER	52	1418	32766	1476	2286	5.014426708	-0.841453493	0.381862912	5.014426708	-0.841453493	0.381862912	1031745830	Jeahn	612.529
FLASER	53	1416	32766	1544	2040	5.019674301	-0.841695547	0.470816787	5.019674301	-0.841695547	0.470816787	1031745830	Jeahn	612.639
FLASER	54	1464	32766	1643	1834	5.033577442	-0.814722002	0.559981684	5.033577442	-0.814722002	0.559981684	1031745831	Jeahn	612.749
FLASER	55	1535	32766	1712	1667	5.049829483	-0.809024155	0.649998526	5.049829483	-0.809024155	0.649998526	1031745831	Jeahn	612.859
FLASER	56	1598	32766	1771	1571	5.066712379	-0.805832505	0.741853282	5.066712379	-0.805832505	0.741853282	1031745831	Jeahn	612.969
FLASER	57	1652	32766	1838	1472	5.084325314	-0.8053509	0.833015284	5.084325314	-0.8053509	0.833015284	1031745831	Jeahn	613.079
FLASER	58	32766	32766	2007	1412	5.103437901	-0.804356635	0.923837932	5.103437901	-0.804356635	0.923837932	1031745831	Jeahn	613.189
FLASER	59	32766	32766	32766	1404	5.116344929	-0.805952311	1.012248955	5.116344929	-0.805952311	1.012248955	1031745831	Jeahn	613.299
FLASER	60	32766	32766	32766	1411	5.126306534	-0.806048512	1.100177346	5.126306534	-0.806048512	1.100177346	1031745831	Jeahn	613.409
FLASER	61	32766	32766	32766	1408	5.137139797	-0.806466401	1.18722523	5.137139797	-0.806466401	1.18722523	1031745831	Jeahn	613.519
FLASER	62	32766	32766	32766	1388	5.14814949	-0.807721317	1.273814051	5.14814949	-0.807721317	1.273814051	1031745831	Jeahn	613.629
FLASER	63	32766	32766	32766	1373	5.149930954	-0.801008999	1.358211623	5.149930954	-0.801008999	1.358211623	1031745832	Jeahn	613.739
FLASER	64	32766	32766	32766	1363	5.154435635	-0.793838203	1.441526754	5.154435635	-0.793838203	1.441526754	1031745832	Jeahn	613.849
FLASER	65	32766	32766	32766	1368	5.156527519	-0.793726802	1.500408979	5.156527519	-0.793726802	1.500408979	1031745832	Jeahn	613.959
FLASER	66	32766	32766	32766	1408	5.164747715	-0.777634919	1.534462421	5.164747715	-0.777634919	1.534462421	1031745832	Jeahn	614.069
FLASER	67	32766	32766	32766	1430	5.172020435	-0.745536566	1.552002532	5.172020435	-0.745536566	1.552002532	1031745832	Jeahn	614.179
FLASER	68	32766	32766	32766	1481	5.178984642	-0.697577477	1.563932961	5.178984642	-0.697577477	1.563932961	1031745832	Jeahn	614.289
FLASER	69	32766	32766	32766	1519	5.191465855	-0.633336008	1.575067638	5.191465855	-0.633336008	1.575067638	1031745832	Jeahn	614.399
FLASER	70	32766	32766	32766	1576	5.196425915	-0.573799729	1.580319791	5.196425915	-0.573799729	1.580319791	1031745832	Jeahn	614.509
FLASER	71	32766	32766	32766	1648	5.205555439	-0.504849792	1.578004039	5.205555439	-0.504849792	1.578004039	1031745832	Jeahn	614.619
FLASER	72	32766	32766	32766	1712	5.21015358	-0.436010003	1.573672541	5.21015358	-0.436010003	1.573672541	1031745833	Jeahn	614.729
FLASER	73	32766	32766	32766	1790	5.214279175	-0.371913254	1.570436667	5.214279175	-0.371913254	1.570436667	1031745833	Jeahn	614.839
FLASER	74	32766	32766	1118	1858	5.216528416	-0.312814087	1.571109115	5.216528416	-0.312814087	1.571109115	1031745833	Jeahn	614.949
FLASER	75	32766	32766	1075	1928	5.217819691	-0.250719219	1.569740383	5.217819691	-0.250719219	1.569740383	1031745833	Jeahn	615.059
FLASER	76	32766	32766	1055	1988	5.220027447	-0.188061491	1.567749138	5.220027447	-0.188061491	1.567749138	1031745833	Jeahn	615.169
FLASER	77	32766	32766	1056	2063	5.222694874	-0.127142191	1.567203856	5.222694874	-0.127142191	1.567203856	1031745833	Jeahn	615.279
FLASER	78	32766	32766	1063	2129	5.224453926	-0.062095899	1.569081784	5.224453926	-0.062095899	1.569081784	1031745833	Jeahn	615.389
FLASER	79	32766	32766	1074	2201	5.227786541	0.002961587	1.574603182	5.227786541	0.002961587	1.574603182	1031745833	Jeahn	615.499
FLASER	80	32766	32766	1081	2275	5.231004715	0.066991955	1.580844833	5.231004715	0.066991955	1.580844833	1031745833	Jeahn	615.609
FLASER	81	32766	32766	1096	2347	5.231679916	0.137016729	1.580821264	5.231679916	0.137016729	1.580821264	1031745834	Jeahn	615.719
FLASER	82	32766	32766	1105	2422	5.23142767	0.205514193	1.576875658	5.23142767	0.205514193	1.576875658	1031745834	Jeahn	615.829
FLASER	83	32766	32766	1113	2498	5.230370998	0.273295462	1.575357256	5.230370998	0.273295462	1.575357256	1031745834	Jeahn	615.939
FLASER	84	32766	32766	1117	2560	5.229738235	0.336210877	1.575864056	5.229738235	0.336210877	1.575864056	1031745834	Jeahn	616.049
FLASER	85	32766	32766	1132	2636	5.228655338	0.403978884	1.576237165	5.228655338	0.403978884	1.576237165	1031745834	Jeahn	616.159
FLASER	86	32766	32766	1144	2702	5.22728014	0.470874161	1.576821196	5.22728014	0.470874161	1.576821196	1031745834	Jeahn	616.269
FLASER	87	32766	32766	1180	2776	5.225310802	0.53426528	1.577092173	5.225310802	0.53426528	1.577092173	1031745834	Jeahn	616.379
FLASER	88	32766	32766	32766	2847	5.224313259	0.601340473	1.576741301	5.224313259	0.601340473	1.576741301	1031745834	Jeahn	616.489
FLASER	89	32766	32766	32766	2915	5.224979401	0.668219447	1.575030753	5.224979401	0.668219447	1.575030753	1031745834	Jeahn	616.599
FLASER	90	32766	32766	32766	2984	5.22748661	0.731184363	1.572968401	5.22748661	0.731184363	1.572968401	1031745835	Jeahn	616.709
FLASER	91	32766	32766	32766	3063	5.22655201	0.799393475	1.57121178	5.22655201	0.799393475	1.57121178	1031745835	Jeahn	616.819
FLASER	92	32766	32766	32766	3118	5.227808475	0.869235277	1.572530045	5.227808475	0.869235277	1.572530045	1031745835	Jeahn	616.929
FLASER	93	32766	32766	32766	32766	5.228410721	0.935589314	1.573518211	5.228410721	0.935589314	1.573518211	1031745835	Jeahn	617.039
FLASER	94	32766	32766	32766	32766	5.226968288	1.005343676	1.570870496	5.226968288	1.005343676	1.570870496	1031745835	Jeahn	617.149
FLASER	95	32766	32766	32766	32766	5.225356102	1.076008677	1.567375097	5.225356102	1.076008677	1.567375097	1031745835	Jeahn	617.259
FLASER	96	3547	32766	32766	32766	5.224800587	1.141724944	1.564819261	5.224800587	1.141724944	1.564819261	1031745835	Jeahn	617.369
FLASER	97	3465	32766	32766	32766	5.223991394	1.211116672	1.565789051	5.223991394	1.211116672	1.565789051	1031745835	Jeahn	617.479
FLASER	98	3390	32766	32766	32766	5.222649574	1.282852888	1.567297199	5.222649574	1.282852888	1.567297199	1031745835	Jeahn	617.589
FLASER	99	3326	32766	32766	32766	5.218376637	1.356245875	1.567449133	5.218376637	1.356245875	1.567449133	1031745835	Jeahn	617.699
FLASER	100	3259	32766	32766	32766	5.216631889	1.4246732	1.568489763	5.216631889	1.4246732	1.568489763	1031745836	Jeahn	617.809
FLASER	101	3185	32766	32766	32766	5.214954376	1.496500731	1.572071981	5.214954376	1.496500731	1.572071981	1031745836	Jeahn	617.919
FLASER	102	3115	32766	32766	32766	5.212860107	1.568497181	1.56938099	5.212860107	1.568497181	1.56938099	1031745836	Jeahn	618.029
FLASER	103	3056	32766	32766	32766	5.209142208	1.635871768	1.564666129	5.209142208	1.635871768	1.564666129	1031745836	Jeahn	618.139
FLASER	104	2973	32766	32766	32766	5.208131313	1.709174275	1.567117436	5.208131313	1.709174275	1.567117436	1031745836	Jeahn	618.249
FLASER	105	2911	32766	32766	32766	5.205520153	1.781392455	1.575183485	5.205520153	1.781392455	1.575183485	1031745836	Jeahn	618.359
FLASER	106	2848	32766	1457	32766	5.203371525	1.849802375	1.572264661	5.203371525	1.849802375	1.572264661	1031745836	Jeahn	618.469
FLASER	107	2768	32766	1446	32766	5.199336052	1.920556903	1.566146448	5.199336052	1.920556903	1.566146448	1031745836	Jeahn	618.579
FLASER	108	2689	32766	1424	32766	5.197105885	1.990868688	1.562841864	5.197105885	1.990868688	1.562841864	1031745836	Jeahn	618.689
FLASER	109	2625	32766	1359	32766	5.193296909	2.059187651	1.559865782	5.193296909	2.059187651	1.559865782	1031745837	Jeahn	618.799
FLASER	110	2556	32766	1300	32766	5.19169569	2.130839586	1.559676963	5.19169569	2.130839586	1.559676963	1031745837	Jeahn	618.909
FLASER	111	2482	32766	1244	32766	5.191581249	2.20642519	1.562529475	5.191581249	2.20642519	1.562529475	1031745837	Jeahn	619.019
FLASER	112	2420	32766	1196	32766	5.192144871	2.276100159	1.564882511	5.192144871	2.276100159	1.564882511	1031745837	Jeahn	619.129
FLASER	113	2326	32766	1173	32766	5.192285061	2.330209017	1.591464721	5.192285061	2.330209017	1.591464721	1031745837	Jeahn	619.239
FLASER	114	2268	32766	1207	32766	5.19458437	2.366142273	1.641992077	5.19458437	2.366142273	1.641992077	1031745837	Jeahn	619.349
FLASER	115	2235	32766	1259	32766	5.195422649	2.388588428	1.70611527	5.195422649	2.388588428	1.70611527	1031745837	Jeahn	619.459
FLASER	116	2249	32766	1376	32766	5.198377132	2.398247957	1.777675873	5.198377132	2.398247957	1.777675873	1031745837	Jeahn	619.569
FLASER	117	2347	32766	1524	32766	5.197779655	2.399716139	1.856395054	5.197779655	2.399716139	1.856395054	1031745837	Jeahn	619.679
FLASER	118	32766	32766	32766	32766	5.18558073	2.429216623	1.944783506	5.18558073	2.429216623	1.944783506	1031745838	Jeahn	619.789
FLASER	119	32766	32766	32766	32766	5.174932003	2.441418648	2.035579589	5.174932003	2.441418648	2.035579589	1031745838	Jeahn	619.899
FLASER	120	32766	32766	32766	2626	5.174453259	2.45420146	2.126497379	5.174453259	2.45420146	2.126497379	1031745838	Jeahn	620.009
FLASER	121	32766	32766	32766	32766	5.171072483	2.46922183	2.216271341	5.171072483	2.46922183	2.216271341	1031745838	Jeahn	620.119
FLASER	122	32766	32766	32766	32766	5.166993618	2.480477571	2.306705767	5.166993618	2.480477571	2.306705767	1031745838	Jeahn	620.229
FLASER	123	32766	32766	32766	32766	5.163332939	2.493541718	2.395780782	5.163332939	2.493541718	2.395780782	1031745838	Jeahn	620.339
FLASER	124	32766	32766	2030	32766	5.158687592	2.503707886	2.483673087	5.158687592	2.503707886	2.483673087	1031745838	Jeahn	620.449
FLASER	125	32766	32766	1884	32766	5.155579567	2.514691591	2.571256732	5.155579567	2.514691591	2.571256732	1031745838	Jeahn	620.559
FLASER	126	32766	32766	1793	32766	5.155180931	2.526026249	2.658271526	5.155180931	2.526026249	2.658271526	1031745838	Jeahn	620.669
FLASER	127	32766	32766	1710	32766	5.155189991	2.537810326	2.745446376	5.155189991	2.537810326	2.745446376	1031745839	Jeahn	620.779
FLASER	128	32766	32766	1658	1291	5.152585983	2.550679922	2.830221452	5.152585983	2.550679922	2.830221452	1031745839	Jeahn	620.889
FLASER	129	32766	32766	1626	1234	5.152799606	2.555851698	2.887892738	5.152799606	2.555851698	2.887892738	1031745839	Jeahn	620.999
FLASER	130	32766	2730	1639	1209	5.150636673	2.560087442	2.946973102	5.150636673	2.560087442	2.946973102	1031745839	Jeahn	621.109
FLASER	131	32766	32766	1704	1234	5.141487598	2.56483078	2.989284873	5.141487598	2.56483078	2.989284873	1031745839	Jeahn	621.219
FLASER	132	32766	32766	1926	1256	5.136146069	2.568843603	3.014423516	5.136146069	2.568843603	3.014423516	1031745839	Jeahn	621.329
FLASER	133	32766	32766	2004	1381	5.120771885	2.576588631	3.028308439	5.120771885	2.576588631	3.028308439	1031745839	Jeahn	621.439
FLASER	134	32766	32766	2028	1408	5.081031322	2.581678867	3.035515752	5.081031322	2.581678867	3.035515752	1031745839	Jeahn	621.549
FLASER	135	32766	32766	2059	1411	5.033294201	2.59236145	3.038731785	5.033294201	2.59236145	3.038731785	1031745839	Jeahn	621.659
FLASER	136	32766	32766	2088	1412	4.973115921	2.60410285	3.040080676	4.973115921	2.60410285	3.040080676	1031745840	Jeahn	621.769
FLASER	137	32766	32766	2110	1471	4.910201073	2.618892193	3.040162435	4.910201073	2.618892193	3.040162435	1031745840	Jeahn	621.879
FLASER	138	32766	32766	2118	1547	4.85083437	2.633413315	3.042206944	4.85083437	2.633413315	3.042206944	1031745840	Jeahn	621.989
FLASER	139	32766	32766	2107	1605	4.787356853	2.646424532	3.04360244	4.787356853	2.646424532	3.04360244	1031745840	Jeahn	622.099
FLASER	140	32766	32766	2109	1669	4.724039078	2.655833006	3.043613626	4.724039078	2.655833006	3.043613626	1031745840	Jeahn	622.209
FLASER	141	32766	32766	2106	1740	4.662241459	2.665756464	3.044364371	4.662241459	2.665756464	3.044364371	1031745840	Jeahn	622.319
FLASER	142	32766	32766	2093	1796	4.603330135	2.675067425	3.042631452	4.603330135	2.675067425	3.042631452	1031745840	Jeahn	622.429
FLASER	143	32766	32766	2072	1875	4.543131828	2.683272839	3.039319811	4.543131828	2.683272839	3.039319811	1031745840	Jeahn	622.539
FLASER	144	32766	32766	2053	1930	4.480818272	2.690552235	3.037914993	4.480818272	2.690552235	3.037914993	1031745840	Jeahn	622.649
FLASER	145	32766	32766	32766	1984	4.422983646	2.696959972	3.03751978	4.422983646	2.696959972	3.03751978	1031745841	Jeahn	622.759
FLASER	146	32766	32766	32766	2051	4.36062479	2.704465866	3.040731819	4.36062479	2.704465866	3.040731819	1031745841	Jeahn	622.869
FLASER	147	32766	32766	32766	2126	4.295361519	2.712258339	3.040563773	4.295361519	2.712258339	3.040563773	1031745841	Jeahn	622.979
FLASER	148	32766	32766	777	2192	4.235408783	2.719858885	3.029651471	4.235408783	2.719858885	3.029651471	1031745841	Jeahn	623.089
FLASER	149	32766	32766	806	2274	4.169055462	2.72594285	3.025035414	4.169055462	2.72594285	3.025035414	1031745841	Jeahn	623.199
FLASER	150	32766	32766	828	2333	4.101231575	2.731058836	3.025027957	4.101231575	2.731058836	3.025027957	1031745841	Jeahn	623.309
FLASER	151	32766	32766	831	2393	4.037575722	2.737443447	3.028349451	4.037575722	2.737443447	3.028349451	1031745841	Jeahn	623.419
FLASER	152	32766	32766	862	2473	3.97048521	2.743585348	3.030304212	3.97048521	2.743585348	3.030304212	1031745841	Jeahn	623.529
FLASER	153	32766	32766	923	2527	3.903695822	2.750201464	3.028728686	3.903695822	2.750201464	3.028728686	1031745841	Jeahn	623.639
FLASER	154	32766	32766	885	2603	3.838486433	2.755208492	3.025301464	3.838486433	2.755208492	3.025301464	1031745842	Jeahn	623.749
FLASER	155	32766	32766	816	2677	3.774876118	2.760653496	3.022484105	3.774876118	2.760653496	3.022484105	1031745842	Jeahn	623.859
FLASER	156	32766	32766	783	2759	3.706933498	2.76952672	3.024504379	3.706933498	2.76952672	3.024504379	1031745842	Jeahn	623.969
FLASER	157	32766	32766	782	2827	3.636609554	2.7761724	3.025708395	3.636609554	2.7761724	3.025708395	1031745842	Jeahn	624.079
FLASER	158	32766	32766	788	2894	3.570390224	2.784204006	3.025965656	3.570390224	2.784204006	3.025965656	1031745842	Jeahn	624.189
FLASER	159	32766	32766	773	2962	3.498040915	2.791226864	3.021659324	3.498040915	2.791226864	3.021659324	1031745842	Jeahn	624.299
FLASER	160	32766	32766	758	3079	3.425578594	2.802414656	3.009395734	3.425578594	2.802414656	3.009395734	1031745842	Jeahn	624.409
FLASER	161	32766	32766	764	3138	3.357900143	2.812095881	3.01016086	3.357900143	2.812095881	3.01016086	1031745842	Jeahn	624.519
FLASER	162	32766	32766	755	3193	3.287004232	2.823287964	3.023466279	3.287004232	2.823287964	3.023466279	1031745842	Jeahn	624.629
FLASER	163	32766	32766	748	32766	3.216142654	2.83429718	3.031742585	3.216142654	2.83429718	3.031742585	1031745843	Jeahn	624.739
FLASER	164	32766	32766	741	32766	3.148237705	2.843788147	3.039474008	3.148237705	2.843788147	3.039474008	1031745843	Jeahn	624.849
FLASER	165	32766	32766	725	3401	3.076618671	2.854883671	3.040241265	3.076618671	2.854883671	3.040241265	1031745843	Jeahn	624.959
FLASER	166	32766	32766	731	32766	3.005118132	2.861519575	3.03503585	3.005118132	2.861519575	3.03503585	1031745843	Jeahn	625.069
FLASER	167	32766	32766	833	32766	2.931457281	2.869918108	3.032854455	2.931457281	2.869918108	3.032854455	1031745843	Jeahn	625.179
FLASER	168	32766	32766	1006	32766	2.864161253	2.874843836	3.029746013	2.864161253	2.874843836	3.029746013	1031745843	Jeahn	625.289
FLASER	169	32766	32766	1046	32766	2.794295073	2.882571936	3.029814989	2.794295073	2.882571936	3.029814989	1031745843	Jeahn	625.399
FLASER	170	32766	32766	1025	32766	2.725459337	2.887974739	3.029402465	2.725459337	2.887974739	3.029402465	1031745843	Jeahn	625.509
FLASER	171	32766	32766	32766	32766	2.662556887	2.89289546	3.017813187	2.662556887	2.89289546	3.017813187	1031745843	Jeahn	625.619
FLASER	172	32766	32766	665	32766	2.595743179	2.898985624	3.015151624	2.595743179	2.898985624	3.015151624	1031745844	Jeahn	625.729
FLASER	173	32766	32766	703	32766	2.526284933	2.908028126	3.016589731	2.526284933	2.908028126	3.016589731	1031745844	Jeahn	625.839
FLASER	174	32766	32766	707	32766	2.460945129	2.914898396	3.017153522	2.460945129	2.914898396	3.017153522	1031745844	Jeahn	625.949
FLASER	175	32766	32766	716	32766	2.387311459	2.922468662	3.018243021	2.387311459	2.922468662	3.018243021	1031745844	Jeahn	626.059
FLASER	176	32766	32766	659	32766	2.314387798	2.931139469	3.018640099	2.314387798	2.931139469	3.018640099	1031745844	Jeahn	626.169
FLASER	177	32766	32766	32766	32766	2.247499228	2.939412117	3.019319737	2.247499228	2.939412117	3.019319737	1031745844	Jeahn	626.279
FLASER	178	32766	32766	2110	32766	2.176234245	2.947029829	3.015604628	2.176234245	2.947029829	3.015604628	1031745844	Jeahn	626.389
FLASER	179	32766	32766	2202	32766	2.103994846	2.958031893	3.010136359	2.103994846	2.958031893	3.010136359	1031745844	Jeahn	626.499
FLASER	180	32766	32766	2219	32766	2.033049822	2.965851068	3.012074341	2.033049822	2.965851068	3.012074341	1031745844	Jeahn	626.609
FLASER	181	32766	32766	2227	32766	1.96501708	2.973543167	3.013559586	1.96501708	2.973543167	3.013559586	1031745845	Jeahn	626.719
FLASER	182	32766	32766	2232	32766	1.899975657	2.980940342	3.02531691	1.899975657	2.980940342	3.02531691	1031745845	Jeahn	626.829
FLASER	183	32766	32766	2238	32766	1.825636983	2.986207962	3.018006266	1.825636983	2.986207962	3.018006266	1031745845	Jeahn	626.939
FLASER	184	32766	32766	2251	32766	1.757160425	2.991758823	3.00973076	1.757160425	2.991758823	3.00973076	1031745845	Jeahn	627.049
FLASER	185	32766	32766	2248	32766	1.683151841	2.998109102	3.003633719	1.683151841	2.998109102	3.003633719	1031745845	Jeahn	627.159
FLASER	186	3508	32766	2256	32766	1.609450579	3.006167412	2.999386509	1.609450579	3.006167412	2.999386509	1031745845	Jeahn	627.269
FLASER	187	3432	32766	2255	32766	1.540777564	3.015080929	2.997912982	1.540777564	3.015080929	2.997912982	1031745845	Jeahn	627.379
FLASER	188	3354	32766	2262	32766	1.467250228	3.025260448	2.996332396	1.467250228	3.025260448	2.996332396	1031745845	Jeahn	627.489
FLASER	189	3293	32766	2260	32766	1.395370603	3.03502965	2.995833586	1.395370603	3.03502965	2.995833586	1031745845	Jeahn	627.599
FLASER	190	3213	32766	2259	32766	1.327319503	3.045669794	2.996932406	1.327319503	3.045669794	2.996932406	1031745846	Jeahn	627.709
FLASER	191	3140	32766	2259	32766	1.254964828	3.057027578	2.998235757	1.254964828	3.057027578	2.998235757	1031745846	Jeahn	627.819
FLASER	192	3081	32766	2255	32766	1.177363157	3.070994139	2.993371494	1.177363157	3.070994139	2.993371494	1031745846	Jeahn	627.929
FLASER	193	3009	32766	2254	32766	1.113645673	3.080041409	2.987867272	1.113645673	3.080041409	2.987867272	1031745846	Jeahn	628.039
FLASER	194	2934	32766	2268	32766	1.043516755	3.088438272	2.98947955	1.043516755	3.088438272	2.98947955	1031745846	Jeahn	628.149
FLASER	195	2859	32766	2281	32766	0.980766356	3.098237038	2.995843706	0.980766356	3.098237038	2.995843706	1031745846	Jeahn	628.259
FLASER	196	2783	32766	2286	32766	0.903204441	3.117996931	3.004022806	0.903204441	3.117996931	3.004022806	1031745846	Jeahn	628.369
FLASER	197	2708	32766	1376	32766	0.836858153	3.159626961	2.998252535	0.836858153	3.159626961	2.998252535	1031745846	Jeahn	628.479
FLASER	198	2643	32766	2256	32766	0.770937741	3.204726696	2.995508414	0.770937741	3.204726696	2.995508414	1031745846	Jeahn	628.589
FLASER	199	2573	32766	2282	32766	0.705258965	3.240101337	2.999811816	0.705258965	3.240101337	2.999811816	1031745846	Jeahn	628.699
FLASER	200	2500	32766	2283	32766	0.649933219	3.267146826	3.001146592	0.649933219	3.267146826	3.001146592	1031745847	Jeahn	628.809
FLASER	201	2429	32766	2287	32766	0.581415713	3.28263998	2.999335643	0.581415713	3.28263998	2.999335643	1031745847	Jeahn	628.919
FLASER	202	2354	32766	2267	32766	0.510556161	3.29632473	2.998065315	0.510556161	3.29632473	2.998065315	1031745847	Jeahn	629.029
FLASER	203	2286	32766	2156	32766	0.439711988	3.322432518	2.998142014	0.439711988	3.322432518	2.998142014	1031745847	Jeahn	629.139
FLASER	204	2209	32766	2185	32766	0.380289644	3.368528366	2.996516687	0.380289644	3.368528366	2.996516687	1031745847	Jeahn	629.249
FLASER	205	2134	32766	2205	32766	0.315390736	3.402384281	2.998490888	0.315390736	3.402384281	2.998490888	1031745847	Jeahn	629.359
FLASER	206	2068	32766	2181	32766	0.258776069	3.431840658	3.003935455	0.258776069	3.431840658	3.003935455	1031745847	Jeahn	629.469
FLASER	207	1992	32766	2160	32766	0.192447066	3.451337099	3.008221546	0.192447066	3.451337099	3.008221546	1031745847	Jeahn	629.579
FLASER	208	1916	32766	2146	32766	0.121852346	3.463079691	3.009969911	0.121852346	3.463079691	3.009969911	1031745847	Jeahn	629.689
FLASER	209	1848	32766	2136	32766	0.048117176	3.469708204	3.011850636	0.048117176	3.469708204	3.011850636	1031745848	Jeahn	629.799
FLASER	210	1764	32766	2143	32766	-0.019361351	3.477911472	3.013530025	-0.019361351	3.477911472	3.013530025	1031745848	Jeahn	629.909
FLASER	211	1690	32766	2142	32766	-0.09304031	3.482580185	3.014250677	-0.09304031	3.482580185	3.014250677	1031745848	Jeahn	630.019
FLASER	212	1614	32766	2152	32766	-0.16187717	3.490520716	3.00474905	-0.16187717	3.490520716	3.00474905	1031745848	Jeahn	630.129
FLASER	213	1531	32766	2151	32766	-0.229621068	3.497642517	3.00101956	-0.229621068	3.497642517	3.00101956	1031745848	Jeahn	630.239
FLASER	214	1448	32766	2145	32766	-0.298098594	3.506906748	3.000934339	-0.298098594	3.506906748	3.000934339	1031745848	Jeahn	630.349
FLASER	215	32766	32766	2121	32766	-0.358817488	3.514586449	3.004804977	-0.358817488	3.514586449	3.004804977	1031745848	Jeahn	630.459
FLASER	216	1358	32766	2098	32766	-0.397709876	3.52640605	3.007586649	-0.397709876	3.52640605	3.007586649	1031745848	Jeahn	630.569
FLASER	217	1317	32766	2077	32766	-0.425635099	3.534510851	3.007586116	-0.425635099	3.534510851	3.007586116	1031745848	Jeahn	630.679
FLASER	218	1259	32766	2065	32766	-0.443668276	3.535452604	3.006622052	-0.443668276	3.535452604	3.006622052	1031745849	Jeahn	630.789
FLASER	219	1248	32766	2056	32766	-0.455551267	3.542341471	3.006424179	-0.455551267	3.542341471	3.006424179	1031745849	Jeahn	630.899
FLASER	220	1225	32766	2052	32766	-0.466168582	3.542849302	3.006360796	-0.466168582	3.542849302	3.006360796	1031745849	Jeahn	631.009
FLASER	221	1231	32766	2048	32766	-0.469011366	3.546351194	3.005735752	-0.469011366	3.546351194	3.005735752	1031745849	Jeahn	631.119
FLASER	222	1216	32766	2052	32766	-0.482370883	3.548323154	3.005555189	-0.482370883	3.548323154	3.005555189	1031745849	Jeahn	631.229
FLASER	223	1202	32766	2038	32766	-0.49424994	3.55161047	3.004852381	-0.49424994	3.55161047	3.004852381	1031745849	Jeahn	631.339
FLASER	224	1195	32766	2035	32766	-0.50923878	3.555283785	3.004191651	-0.50923878	3.555283785	3.004191651	1031745849	Jeahn	631.449
FLASER	225	1169	32766	2037	32766	-0.524897099	3.559460402	3.004158095	-0.524897099	3.559460402	3.004158095	1031745849	Jeahn	631.559
FLASER	226	1164	32766	2030	32766	-0.538826346	3.561657667	3.012309498	-0.538826346	3.561657667	3.012309498	1031745849	Jeahn	631.669
FLASER	227	1145	32766	2016	32766	-0.551689029	3.564896345	3.050894175	-0.551689029	3.564896345	3.050894175	1031745850	Jeahn	631.779
FLASER	228	1128	32766	2007	32766	-0.563064456	3.56729579	3.094297309	-0.563064456	3.56729579	3.094297309	1031745850	Jeahn	631.889
FLASER	229	1144	32766	1989	32766	-0.572018981	3.570277452	3.121088177	-0.572018981	3.570277452	3.121088177	1031745850	Jeahn	631.999
FLASER	230	1158	32766	1987	32766	-0.577865124	3.57199502	3.137370478	-0.577865124	3.57199502	3.137370478	1031745850	Jeahn	632.109
FLASER	231	1166	32766	1993	32766	-0.584169149	3.572371721	-3.137351037	-0.584169149	3.572371721	-3.137351037	1031745850	Jeahn	632.219
FLASER	232	1153	32766	1993	32766	-0.590379238	3.573016644	-3.13225135	-0.590379238	3.573016644	-3.13225135	1031745850	Jeahn	632.329
FLASER	233	1155	32766	1994	32766	-0.595611811	3.572406769	-3.12924757	-0.595611811	3.572406769	-3.12924757	1031745850	Jeahn	632.439
FLASER	234	1147	32766	2000	32766	-0.602463186	3.571146727	-3.128526386	-0.602463186	3.571146727	-3.128526386	1031745850	Jeahn	632.549
FLASER	235	1146	32766	2006	32766	-0.607488751	3.570342302	-3.128251282	-0.607488751	3.570342302	-3.128251282	1031745850	Jeahn	632.659
FLASER	236	1144	32766	2009	32766	-0.613248587	3.571074247	-3.128832117	-0.613248587	3.571074247	-3.128832117	1031745851	Jeahn	632.769
FLASER	237	1141	32766	2005	32766	-0.616468132	3.571005583	-3.128857684	-0.616468132	3.571005583	-3.128857684	1031745851	Jeahn	632.879
FLASER	238	1142	32766	2003	32766	-0.620420575	3.57101512	-3.107461847	-0.620420575	3.57101512	-3.107461847	1031745851	Jeahn	632.989
FLASER	239	32766	32766	2005	32766	-0.623060286	3.572966576	-3.059858642	-0.623060286	3.572966576	-3.059858642	1031745851	Jeahn	633.099
FLASER	240	32766	32766	2014	32766	-0.638439059	3.570935249	-2.995059139	-0.638439059	3.570935249	-2.995059139	1031745851	Jeahn	633.209
FLASER	241	32766	32766	2045	32766	-0.642213464	3.572520971	-2.917207217	-0.642213464	3.572520971	-2.917207217	1031745851	Jeahn	633.319
FLASER	242	32766	32766	2064	32766	-0.65467304	3.56657958	-2.833762657	-0.65467304	3.56657958	-2.833762657	1031745851	Jeahn	633.429
FLASER	243	32766	32766	2061	32766	-0.660010993	3.567005873	-2.74828717	-0.660010993	3.567005873	-2.74828717	1031745851	Jeahn	633.539
FLASER	244	32766	32766	32766	32766	-0.682673156	3.568093538	-2.660564242	-0.682673156	3.568093538	-2.660564242	1031745851	Jeahn	633.649
FLASER	245	32766	32766	32766	32766	-0.662258923	3.575299025	-2.594714388	-0.662258923	3.575299025	-2.594714388	1031745852	Jeahn	633.759
FLASER	246	32766	32766	1322	2947	-0.653017104	3.575382948	-2.557920953	-0.653017104	3.575382948	-2.557920953	1031745852	Jeahn	633.869
FLASER	247	32766	32766	1271	2898	-0.645382941	3.575050354	-2.538717431	-0.645382941	3.575050354	-2.538717431	1031745852	Jeahn	633.979
FLASER	248	32766	32766	1239	2873	-0.638025343	3.574126244	-2.531689615	-0.638025343	3.574126244	-2.531689615	1031745852	Jeahn	634.089
FLASER	249	32766	32766	1242	32766	-0.633046687	3.572359324	-2.531854731	-0.633046687	3.572359324	-2.531854731	1031745852	Jeahn	634.199
FLASER	250	32766	32766	1238	2864	-0.627013505	3.569397926	-2.534857978	-0.627013505	3.569397926	-2.534857978	1031745852	Jeahn	634.309
FLASER	251	32766	32766	1255	32766	-0.6228441	3.567773104	-2.537673738	-0.6228441	3.567773104	-2.537673738	1031745852	Jeahn	634.419
FLASER	252	32766	32766	1256	32766	-0.621140063	3.566630363	-2.539294006	-0.621140063	3.566630363	-2.539294006	1031745852	Jeahn	634.529
FLASER	253	32766	32766	1268	2863	-0.621849239	3.565865278	-2.516733835	-0.621849239	3.565865278	-2.516733835	1031745852	Jeahn	634.639
FLASER	254	32766	32766	1255	2808	-0.623685896	3.564589024	-2.468888549	-0.623685896	3.564589024	-2.468888549	1031745853	Jeahn	634.749
FLASER	255	32766	32766	1208	2730	-0.631196082	3.555004597	-2.405534876	-0.631196082	3.555004597	-2.405534876	1031745853	Jeahn	634.859
FLASER	256	32766	32766	1147	2650	-0.635220826	3.553810835	-2.352943303	-0.635220826	3.553810835	-2.352943303	1031745853	Jeahn	634.969
FLASER	257	32766	32766	1093	2593	-0.634011447	3.559038401	-2.320952081	-0.634011447	3.559038401	-2.320952081	1031745853	Jeahn	635.079
FLASER	258	32766	32766	1060	2545	-0.632401705	3.558062792	-2.30219597	-0.632401705	3.558062792	-2.30219597	1031745853	Jeahn	635.189
FLASER	259	32766	32766	1049	2546	-0.633268058	3.559346199	-2.292206985	-0.633268058	3.559346199	-2.292206985	1031745853	Jeahn	635.299
FLASER	260	32766	32766	1045	2515	-0.622991502	3.56494832	-2.26366429	-0.622991502	3.56494832	-2.26366429	1031745853	Jeahn	635.409
FLASER	261	32766	32766	1035	2466	-0.618579388	3.567127228	-2.237777032	-0.618579388	3.567127228	-2.237777032	1031745853	Jeahn	635.519
FLASER	262	32766	32766	1032	2433	-0.61655879	3.565176487	-2.219776327	-0.61655879	3.565176487	-2.219776327	1031745853	Jeahn	635.629
FLASER	263	32766	32766	1037	2461	-0.621541321	3.556150198	-2.207779319	-0.621541321	3.556150198	-2.207779319	1031745854	Jeahn	635.739
FLASER	264	32766	32766	1054	2466	-0.641594648	3.527008057	-2.199588368	-0.641594648	3.527008057	-2.199588368	1031745854	Jeahn	635.849
FLASER	265	32766	32766	1058	2476	-0.669140935	3.489899397	-2.191119782	-0.669140935	3.489899397	-2.191119782	1031745854	Jeahn	635.959
FLASER	266	32766	32766	1065	2509	-0.700938106	3.443256617	-2.183780509	-0.700938106	3.443256617	-2.183780509	1031745854	Jeahn	636.069
FLASER	267	32766	32766	1082	2542	-0.735046327	3.39381218	-2.17957884	-0.735046327	3.39381218	-2.17957884	1031745854	Jeahn	636.179
FLASER	268	32766	32766	1132	2614	-0.77226752	3.343957663	-2.175513125	-0.77226752	3.343957663	-2.175513125	1031745854	Jeahn	636.289
FLASER	269	32766	32766	1181	32766	-0.807639003	3.289206028	-2.175876513	-0.807639003	3.289206028	-2.175876513	1031745854	Jeahn	636.399
